# Benzene dimer interaction energies
# Calculated in the supermolecule approach, at MP2/6-31G* level
# X      Y     Z    alpha  beta   gamma    E (Kcal/mol)
0.00   3.00   0.00   0.0   0.00   0.00  10.973731  
0.00   3.30   0.00   0.0   0.00   0.00   0.99257  
0.00   3.40   0.00   0.0   0.00   0.00   0.19617  
0.00   3.45   0.00   0.0   0.00   0.00  -0.30708  
0.00   3.50   0.00   0.0   0.00   0.00  -0.70212  
0.00   3.60   0.00   0.0   0.00   0.00  -1.25441  
0.00   3.65   0.00   0.0   0.00   0.00  -1.42333  
0.00   3.70   0.00   0.0   0.00   0.00  -1.56029  
0.00   3.90   0.00   0.0   0.00   0.00  -1.72180  
0.00   4.00   0.00   0.0   0.00   0.00  -1.68390  
0.00   4.10   0.00   0.0   0.00   0.00  -1.59198  
0.00   4.20   0.00   0.0   0.00   0.00  -1.47908  
0.00   4.30   0.00   0.0   0.00   0.00  -1.35276  
0.00   5.00   0.00   0.0   0.00   0.000 -0.58111
0.00   5.50   0.00   0.0   0.00   0.00  -0.28900
0.00   6.50   0.00   0.0   0.00   0.00  -0.05745  
0.00   8.00   0.00   0.0   0.00   0.00   0.007119  
0.00   9.00   0.00   0.0   0.00   0.00   0.012175  
0.00  10.00   0.00   0.0   0.00   0.00   0.011129  
0.00  11.00   0.00   0.0   0.00   0.00   0.008964  
0.00  12.00   0.00   0.0   0.00   0.00   0.00688  
0.00  14.00   0.00   0.0   0.00   0.00   0.00399 
0.00   0.00   4.30   0.00  90.00  90.00   4.43581
0.00   0.00   4.40   0.00  90.00  90.00   2.02850
0.00   0.00   4.50   0.00  90.00  90.00   0.34324
0.00   0.00   4.65   0.00  90.00  90.00  -1.20104
0.00   0.00   4.90   0.00  90.00  90.00  -2.19239
0.00   0.00   5.00   0.00  90.00  90.00  -2.279556
0.00   0.00   5.20   0.00  90.00  90.00  -2.19322
0.00   0.00   5.40   0.00  90.00  90.00  -1.94429
0.00   0.00   5.50   0.00  90.00  90.00  -1.79955
0.00   0.00   6.00   0.00  90.00  90.00  -1.13492
0.00   0.00   7.00   0.00  90.00  90.00  -0.43246
0.00   0.00   8.00   0.00  90.00  90.00  -0.18982
0.00   0.00   9.00   0.00  90.00  90.00  -0.09386
0.00   0.00  10.00   0.00  90.00  90.00  -0.06257
0.00   0.00  10.50   0.00  90.00  90.00  -0.03129
0.00   0.00  12.00   0.00  90.00  90.00  -0.017908
0.00   0.00  13.00   0.00  90.00  90.00  -0.011411
0.00   0.00  14.00   0.00  90.00  90.00  -0.007535
0.00   4.30   0.00  90.00   0.00   0.00   6.79598 
0.00   4.70   0.00  90.00   0.00   0.00  -1.04211 
0.00   5.00   0.00  90.00   0.00   0.00  -2.11742 
0.00   6.00   0.00  90.00   0.00   0.00  -1.08881 
0.00   8.00   0.00  90.00   0.00   0.00  -0.18036  
0.00   0.00   6.50   0.00   0.00  90.00   3.56836  
0.00   0.00   6.75   0.00   0.00  90.00   1.07624  
0.00   0.00   7.00   0.00   0.00  90.00   0.08774 
0.00   0.00   7.25   0.00   0.00  90.00  -0.256334  
0.00   0.00   7.50   0.00   0.00  90.00  -0.31440 
0.00   0.00   7.75   0.00   0.00  90.00  -0.289731  
0.00   0.00   8.00   0.00   0.00  90.00  -0.24475 
0.00   0.00   8.50   0.00   0.00  90.00  -0.15275 
0.00   0.00   9.00   0.00   0.00  90.00  -0.095533 
0.00   0.00   9.50   0.00   0.00  90.00  -0.06215  
0.00   0.00  10.00   0.00   0.00  90.00  -0.03129  
0.00   0.00  11.00   0.00   0.00  90.00  -0.021472  
0.00   0.00  13.00   0.00   0.00  90.00  -0.006661  
6.00   0.00   0.00   0.00  90.00  90.00   2.691777 
6.50   0.00   0.00   0.00  90.00  90.00  -0.446012 
6.75   0.00   0.00   0.00  90.00  90.00  -0.655601 
7.00   0.00   0.00   0.00  90.00  90.00  -0.628624 
9.00   0.00   0.00   0.00  90.00  90.00  -0.097922 
5.00   0.00   0.00  90.00  90.00  90.00  25.172003 
5.50   0.00   0.00  90.00  90.00  90.00   2.822296 
6.00   0.00   0.00  90.00  90.00  90.00  -1.183733 
7.00   0.00   0.00  90.00  90.00  90.00  -0.748093 
8.00   0.00   0.00  90.00  90.00  90.00  -0.252170 
0.00   0.00   6.50   0.00   0.00   0.00   3.73191   
0.00   0.00   6.90   0.00   0.00   0.00   0.46974   
0.00   0.00   7.00   0.00   0.00   0.00   0.17530   
0.00   0.00   7.25   0.00   0.00   0.00  -0.17777   
0.00   0.00   7.30   0.00   0.00   0.00  -0.17800
0.00   0.00   7.50   0.00   0.00   0.00  -0.25593   
0.00   0.00   7.75   0.00   0.00   0.00  -0.236950  
0.00   0.00   8.00   0.00   0.00   0.00  -0.19996   
0.00   0.00   8.50   0.00   0.00   0.00  -0.12104   
0.00   0.00   9.50   0.00   0.00   0.00  -0.01898   
0.00   0.00   11.0   0.00   0.00   0.00  -0.013433  
0.00   0.00   13.0   0.00   0.00   0.00  -0.003354  
6.25   0.00   0.00   0.00   0.00   0.00   1.17820  
6.50   0.00   0.00   0.00   0.00   0.00  -0.06454  
6.75   0.00   0.00   0.00   0.00   0.00  -0.435380  
7.00   0.00   0.00   0.00   0.00   0.00  -0.47664  
7.25   0.00   0.00   0.00   0.00   0.00  -0.407980  
7.50   0.00   0.00   0.00   0.00   0.00  -0.32227  
8.00   0.00   0.00   0.00   0.00   0.00  -0.18791  
10.0   0.00   0.00   0.00   0.00   0.00  -0.02942  
11.5   0.00   0.00   0.00   0.00   0.00  -0.009372  
13.0   0.00   0.00   0.00   0.00   0.00  -0.003423  
0.00   3.30   18.0   0.00   0.00   0.00  -0.000637  
0.00   3.30   16.0   0.00   0.00   0.00  -0.001136  
0.00   3.30   14.0   0.00   0.00   0.00  -0.003238  
0.00   3.30   12.0   0.00   0.00   0.00  -0.009384  
0.00   3.30   9.50   0.00   0.00   0.00  -0.047184  
0.00   3.30   8.20   0.00   0.00   0.00  -0.122163  
0.00   3.30   7.40   0.00   0.00   0.00  -0.22759  
0.00   3.30   6.40   0.00   0.00   0.00  -0.49921  
0.00   3.30   6.00   0.00   0.00   0.00  -0.66879  
0.00   3.30   5.20   0.00   0.00   0.00  -1.10469  
0.00   3.30   4.80   0.00   0.00   0.00  -1.32912  
0.00   3.30   4.50   0.00   0.00   0.00  -1.48383  
0.00   3.30   4.30   0.00   0.00   0.00  -1.57451  
0.00   3.30   4.20   0.00   0.00   0.00  -1.60891  
0.00   3.30   3.80   0.00   0.00   0.00  -1.74501  
0.00   3.30   3.60   0.00   0.00   0.00  -1.78822  
0.00   3.30   3.20   0.00   0.00   0.00  -1.84440  
0.00   3.30   2.50   0.00   0.00   0.00  -1.97571  
0.00   3.30   2.00   0.00   0.00   0.00  -2.22337  
0.00   3.30   1.90   0.00   0.00   0.00  -2.26667  
0.00   3.30   1.80   0.00   0.00   0.00  -2.29382  
0.00   3.30   1.70   0.00   0.00   0.00  -2.30106  
0.00   3.30   1.60   0.00   0.00   0.00  -2.27511  
0.00   3.30   1.50   0.00   0.00   0.00  -2.21295  
0.00   3.30   1.40   0.00   0.00   0.00  -2.10773  
0.00   3.30   1.30   0.00   0.00   0.00  -1.95647  
0.00   3.30   1.20   0.00   0.00   0.00  -1.75301  
0.00   3.30   1.10   0.00   0.00   0.00  -1.50060  
0.00   3.30   1.00   0.00   0.00   0.00  -1.20551  
0.00   3.30   0.90   0.00   0.00   0.00  -0.87197  
0.00   3.30   0.80   0.00   0.00   0.00  -0.50959  
0.00   3.30   0.70   0.00   0.00   0.00  -0.13228  
0.00   3.30   0.60   0.00   0.00   0.00   0.24731  
0.00   3.30   0.50   0.00   0.00   0.00   0.60549
0.00   4.00   0.50   0.00   0.00   0.00  -1.76002  
0.00   4.00   1.00   0.00   0.00   0.00  -1.89526  
0.00   4.00   1.50   0.00   0.00   0.00  -1.91678  
0.00   4.00   1.75   0.00   0.00   0.00  -1.865214  
0.00   4.00   2.00   0.00   0.00   0.00  -1.79421  
0.00   4.00   2.50   0.00   0.00   0.00  -1.61481  
0.00   4.00   3.00   0.00   0.00   0.00  -1.44049  
0.00   4.00   4.00   0.00   0.00   0.00  -1.08862  
0.00   4.00   6.00   0.00   0.00   0.00  -0.42016  
0.00   4.00   8.00   0.00   0.00   0.00  -0.114505  
0.00   4.00   10.0   0.00   0.00   0.00  -0.031016  
0.00   4.00   12.0   0.00   0.00   0.00  -0.009565  
0.00   4.00   14.0   0.00   0.00   0.00  -0.003221  
0.00   2.20   4.30   0.00   0.00   0.00   6.77935  
0.00   2.50   4.30   0.00   0.00   0.00   0.977651  
0.00   2.90   4.30   0.00   0.00   0.00  -1.36701  
0.00   3.30   4.30   0.00   0.00   0.00  -1.57451  
0.00   3.60   4.30   0.00   0.00   0.00  -1.34686  
0.00   4.00   4.30   0.00   0.00   0.00  -0.98140  
0.00   4.50   4.30   0.00   0.00   0.00  -0.62102  
0.00   5.00   4.30   0.00   0.00   0.00  -0.38725  
0.00   6.50   4.30   0.00   0.00   0.00  -0.10020  
0.00   8.00   4.30   0.00   0.00   0.00  -0.027031  
0.00   9.00   4.30   0.00   0.00   0.00  -0.010528  
0.00  11.00   4.30   0.00   0.00   0.00  -0.000274  
0.00  13.00   4.30   0.00   0.00   0.00   0.001438  
0.00  15.00   4.30   0.00   0.00   0.00   0.001404  
0.00   2.20   4.30   0.00   0.00   0.00   6.77935
0.00   2.50   4.30   0.00   0.00   0.00   0.977651
0.00   2.90   4.30   0.00   0.00   0.00  -1.36701
0.00   3.30   4.30   0.00   0.00   0.00  -1.57451
0.00   3.60   4.30   0.00   0.00   0.00  -1.34686
0.00   4.00   4.30   0.00   0.00   0.00  -0.98140
0.00   4.50   4.30   0.00   0.00   0.00  -0.62102
0.00   5.00   4.30   0.00   0.00   0.00  -0.38725
0.00   6.50   4.30   0.00   0.00   0.00  -0.10020
0.00   8.00   4.30   0.00   0.00   0.00  -0.027031
0.00   9.00   4.30   0.00   0.00   0.00  -0.010528
0.00  11.00   4.30   0.00   0.00   0.00  -0.000274
0.00  13.00   4.30   0.00   0.00   0.00   0.001438
0.00  15.00   4.30   0.00   0.00   0.00   0.001404  
1.50   3.60   0.00   0.00   0.00   0.00  -2.55474   
1.00   3.60   0.00   0.00   0.00   0.00  -2.25284   
0.50   3.60   0.00   0.00   0.00   0.00  -1.60536   
1.60   3.50   0.00   0.00   0.00   0.00  -2.59791  
2.00   3.50   0.00   0.00   0.00   0.00  -2.44552  
1.80   3.30   0.00   0.00   0.00   0.00  -2.26260  
1.80   4.00   0.00   0.00   0.00   0.00  -1.85742  
1.80   4.40   0.00   0.00   0.00   0.00  -1.19625       
0.00   4.50   0.00  90.00  90.00   0.00   0.34336 
0.00   5.00   0.00  90.00  90.00   0.00  -2.27956 
0.00   6.00   0.00  90.00  90.00   0.00  -1.13607 
0.00   7.00   0.00  90.00  90.00   0.00  -0.43272   
0.00   2.50   1.50   0.00   0.00   0.00  27.36437 
0.00   2.50   2.00   0.00   0.00   0.00  22.84824 
0.00   2.50   2.50   0.00   0.00   0.00  17.25382 
0.00   2.50   3.00   0.00   0.00   0.00  10.75282 
0.00   2.50   4.00   0.00   0.00   0.00   2.52774 
0.00   2.00   6.00   0.00   0.00   0.00  -0.69149 
0.00   2.00   8.00   0.00   0.00   0.00  -0.18938              
0.00   3.50   1.60   0.00   0.00   0.00  -2.59978 
0.00   3.50   1.80   0.00   0.00   0.00  -2.56270 
0.00   3.60   1.90   0.00   0.00   0.00  -2.46701 
0.00   3.60   2.50   0.00   0.00   0.00  -2.12883 
0.00   3.60   6.00   0.00   0.00   0.00  -0.25654 
0.00   2.80   2.50   0.00   0.00   0.00   3.67391 
0.00   3.90   2.00   0.00   0.00   0.00  -1.96933 
0.00   3.90   1.50   0.00   0.00   0.00  -2.10062 
0.00   3.90   1.00   0.00   0.00   0.00  -2.04671 
0.00   3.90   0.50   0.00   0.00   0.00  -1.84220              
0.00   5.00   0.00  30.00   0.0    0.000 -0.876482  
0.00   6.00   0.00  30.00   0.0    0.000 -0.254699  
0.00   7.00   0.00  30.00   0.0    0.000 -0.074716  
